SwitchToCardIndex

Hello, world!
0  -1
1  0
2  1
3  2
4  3
5  4
6  5
7  6
8  7
9  8
10  9
11  10
12  11
13  12
14  13
15  14
16  8
17  9
18  10
19  11
20  12
21  13
22  14
23  15
24  16
25  17
26  18
27  19
28  20
29  21
30  22
31  23
32  17
33  18
34  19
35  20
36  21
37  22
38  23
39  24
40  25
41  26
42  27
43  28
44  29
45  30
46  31
47  32
48  26
49  27
50  28
51  29
52  30
53  31
54  32
55  33
56  34
57  35
58  36
59  37
60  38
61  39
62  40
63  41
64  35
65  36
66  37
67  38
68  39
69  40
70  41
71  42
72  43
73  44
74  45
75  46
76  47
77  48
78  49
79  50
